. Sequence file : [all_nuc.phy]

. Model of nucleotides substitution : GTR

. Initial tree : [BioNJ]


. Data	Nb of 	Likelihood	Discrete   	Number of 	Gamma shape	Proportion of	Nucleotides frequencies               	Instantaneous rate matrix              	
  set	taxa	loglk     	gamma model	categories	parameter  	invariant    	f(A)      f(C)      f(G)      f(T)    	[A---------C---------G---------T------]	

  #1	5   	-21126.85989	Yes        	4        	4.000    	0.000    	 0.28935   0.31852   0.13656   0.25557	-0.89583   0.13521   0.66586   0.09476  
      	     	          	           	          	           	             	                                      	 0.12283  -0.86939   0.02670   0.71986  
      	     	          	           	          	           	             	                                      	 1.41091   0.06228  -1.49511   0.02192  
      	     	          	           	          	           	             	                                      	 0.10729   0.89718   0.01171  -1.01618  

  #2	5   	-20772.29949	Yes        	4        	4.000    	0.000    	 0.29599   0.31769   0.13481   0.25150	-0.84494   0.12414   0.61342   0.10738  
      	     	          	           	          	           	             	                                      	 0.11566  -0.88657   0.01916   0.75176  
      	     	          	           	          	           	             	                                      	 1.34688   0.04515  -1.42902   0.03700  
      	     	          	           	          	           	             	                                      	 0.12638   0.94960   0.01983  -1.09581  

  #3	5   	-21202.43478	Yes        	4        	4.000    	0.000    	 0.29128   0.31692   0.13662   0.25519	-0.88820   0.10953   0.65590   0.12277  
      	     	          	           	          	           	             	                                      	 0.10067  -0.84390   0.02369   0.71954  
      	     	          	           	          	           	             	                                      	 1.39845   0.05495  -1.49546   0.04207  
      	     	          	           	          	           	             	                                      	 0.14013   0.89357   0.02252  -1.05622  

  #4	5   	-20885.25795	Yes        	4        	4.000    	0.000    	 0.29700   0.32176   0.13121   0.25002	-0.87773   0.11531   0.67071   0.09171  
      	     	          	           	          	           	             	                                      	 0.10644  -0.83106   0.02185   0.70278  
      	     	          	           	          	           	             	                                      	 1.51814   0.05358  -1.61863   0.04692  
      	     	          	           	          	           	             	                                      	 0.10894   0.90443   0.02462  -1.03799  

  #5	5   	-21349.63499	Yes        	4        	4.000    	0.000    	 0.30156   0.30738   0.13732   0.25374	-0.86269   0.12403   0.64468   0.09399  
      	     	          	           	          	           	             	                                      	 0.12168  -0.87808   0.03431   0.72208  
      	     	          	           	          	           	             	                                      	 1.41578   0.07681  -1.54607   0.05349  
      	     	          	           	          	           	             	                                      	 0.11170   0.87472   0.02895  -1.01536  

  #6	5   	-21046.02251	Yes        	4        	4.000    	0.000    	 0.30557   0.31436   0.13145   0.24862	-0.84895   0.11022   0.66327   0.07545  
      	     	          	           	          	           	             	                                      	 0.10714  -0.85142   0.02838   0.71590  
      	     	          	           	          	           	             	                                      	 1.54186   0.06787  -1.66004   0.05032  
      	     	          	           	          	           	             	                                      	 0.09274   0.90521   0.02660  -1.02455  

  #7	5   	-21230.74316	Yes        	4        	4.000    	0.000    	 0.30313   0.31238   0.13805   0.24644	-0.88411   0.13695   0.66164   0.08552  
      	     	          	           	          	           	             	                                      	 0.13289  -0.85545   0.03719   0.68537  
      	     	          	           	          	           	             	                                      	 1.45279   0.08415  -1.58249   0.04555  
      	     	          	           	          	           	             	                                      	 0.10519   0.86875   0.02552  -0.99946  

  #8	5   	-21088.73478	Yes        	4        	4.000    	0.000    	 0.31130   0.30742   0.13364   0.24764	-0.82903   0.12011   0.60704   0.10188  
      	     	          	           	          	           	             	                                      	 0.12162  -0.89168   0.02833   0.74172  
      	     	          	           	          	           	             	                                      	 1.41401   0.06516  -1.51808   0.03890  
      	     	          	           	          	           	             	                                      	 0.12807   0.92074   0.02099  -1.06981  

  #9	5   	-21098.29490	Yes        	4        	4.000    	0.000    	 0.29049   0.32003   0.14454   0.24494	-0.88801   0.11151   0.69321   0.08329  
      	     	          	           	          	           	             	                                      	 0.10122  -0.84021   0.01678   0.72222  
      	     	          	           	          	           	             	                                      	 1.39319   0.03715  -1.46865   0.03832  
      	     	          	           	          	           	             	                                      	 0.09878   0.94364   0.02261  -1.06504  

  #10	5   	-20949.78978	Yes        	4        	4.000    	0.000    	 0.29770   0.31167   0.13515   0.25549	-0.87761   0.12689   0.67373   0.07699  
      	     	          	           	          	           	             	                                      	 0.12120  -0.87483   0.02241   0.73122  
      	     	          	           	          	           	             	                                      	 1.48407   0.05167  -1.56429   0.02854  
      	     	          	           	          	           	             	                                      	 0.08971   0.89202   0.01510  -0.99682  

  #11	5   	-21017.52217	Yes        	4        	4.000    	0.000    	 0.30043   0.31016   0.13312   0.25629	-0.86192   0.12702   0.63684   0.09806  
      	     	          	           	          	           	             	                                      	 0.12304  -0.88466   0.01580   0.74582  
      	     	          	           	          	           	             	                                      	 1.43720   0.03681  -1.51028   0.03628  
      	     	          	           	          	           	             	                                      	 0.11495   0.90261   0.01884  -1.03640  

  #12	5   	-21364.58573	Yes        	4        	4.000    	0.000    	 0.29653   0.31425   0.13753   0.25170	-0.87141   0.15668   0.62975   0.08498  
      	     	          	           	          	           	             	                                      	 0.14785  -0.90039   0.02497   0.72757  
      	     	          	           	          	           	             	                                      	 1.35780   0.05706  -1.45209   0.03723  
      	     	          	           	          	           	             	                                      	 0.10012   0.90837   0.02035  -1.02883  

  #13	5   	-21171.56545	Yes        	4        	4.000    	0.000    	 0.29674   0.32184   0.13252   0.24890	-0.86237   0.12624   0.63716   0.09897  
      	     	          	           	          	           	             	                                      	 0.11640  -0.85735   0.02245   0.71850  
      	     	          	           	          	           	             	                                      	 1.42668   0.05451  -1.52374   0.04255  
      	     	          	           	          	           	             	                                      	 0.11799   0.92904   0.02266  -1.06968  

  #14	5   	-21187.88711	Yes        	4        	4.000    	0.000    	 0.30092   0.31618   0.13618   0.24672	-0.88673   0.15052   0.65074   0.08547  
      	     	          	           	          	           	             	                                      	 0.14326  -0.86611   0.02742   0.69543  
      	     	          	           	          	           	             	                                      	 1.43791   0.06367  -1.53544   0.03386  
      	     	          	           	          	           	             	                                      	 0.10425   0.89124   0.01869  -1.01418  

  #15	5   	-21102.84396	Yes        	4        	4.000    	0.000    	 0.30394   0.31203   0.13510   0.24894	-0.85531   0.11983   0.65116   0.08432  
      	     	          	           	          	           	             	                                      	 0.11672  -0.86354   0.02799   0.71883  
      	     	          	           	          	           	             	                                      	 1.46491   0.06466  -1.58147   0.05191  
      	     	          	           	          	           	             	                                      	 0.10296   0.90101   0.02817  -1.03213  

  #16	5   	-21127.61246	Yes        	4        	4.000    	0.000    	 0.29568   0.32135   0.13340   0.24957	-0.83459   0.14225   0.58758   0.10476  
      	     	          	           	          	           	             	                                      	 0.13089  -0.90450   0.01706   0.75655  
      	     	          	           	          	           	             	                                      	 1.30235   0.04110  -1.37816   0.03471  
      	     	          	           	          	           	             	                                      	 0.12411   0.97414   0.01855  -1.11681  

  #17	5   	-21105.65153	Yes        	4        	4.000    	0.000    	 0.29785   0.31338   0.13517   0.25360	-0.88743   0.13472   0.66443   0.08828  
      	     	          	           	          	           	             	                                      	 0.12805  -0.87436   0.02021   0.72610  
      	     	          	           	          	           	             	                                      	 1.46411   0.04687  -1.52427   0.01329  
      	     	          	           	          	           	             	                                      	 0.10369   0.89726   0.00709  -1.00803  

  #18	5   	-20931.19951	Yes        	4        	4.000    	0.000    	 0.30140   0.31514   0.13069   0.25277	-0.88307   0.12432   0.65991   0.09884  
      	     	          	           	          	           	             	                                      	 0.11890  -0.84911   0.01799   0.71223  
      	     	          	           	          	           	             	                                      	 1.52195   0.04338  -1.59378   0.02845  
      	     	          	           	          	           	             	                                      	 0.11786   0.88799   0.01471  -1.02056  

  #19	5   	-21185.35593	Yes        	4        	4.000    	0.000    	 0.29664   0.31388   0.13813   0.25135	-0.86858   0.12397   0.64848   0.09613  
      	     	          	           	          	           	             	                                      	 0.11717  -0.88285   0.02682   0.73886  
      	     	          	           	          	           	             	                                      	 1.39267   0.06094  -1.46817   0.01456  
      	     	          	           	          	           	             	                                      	 0.11345   0.92266   0.00800  -1.04412  

  #20	5   	-21006.72071	Yes        	4        	4.000    	0.000    	 0.30218   0.30543   0.13616   0.25624	-0.82253   0.12053   0.61916   0.08284  
      	     	          	           	          	           	             	                                      	 0.11925  -0.92460   0.01966   0.78569  
      	     	          	           	          	           	             	                                      	 1.37416   0.04411  -1.45846   0.04019  
      	     	          	           	          	           	             	                                      	 0.09769   0.93652   0.02135  -1.05557  

  #21	5   	-21052.78689	Yes        	4        	4.000    	0.000    	 0.29062   0.31568   0.13971   0.25399	-0.92587   0.13238   0.70555   0.08794  
      	     	          	           	          	           	             	                                      	 0.12187  -0.83357   0.02137   0.69033  
      	     	          	           	          	           	             	                                      	 1.46770   0.04829  -1.56072   0.04473  
      	     	          	           	          	           	             	                                      	 0.10063   0.85802   0.02461  -0.98325  

  #22	5   	-21072.97886	Yes        	4        	4.000    	0.000    	 0.29863   0.30806   0.13443   0.25888	-0.88442   0.14338   0.65551   0.08553  
      	     	          	           	          	           	             	                                      	 0.13900  -0.87490   0.02371   0.71220  
      	     	          	           	          	           	             	                                      	 1.45611   0.05434  -1.57879   0.06835  
      	     	          	           	          	           	             	                                      	 0.09866   0.84747   0.03549  -0.98162  

  #23	5   	-20938.05078	Yes        	4        	4.000    	0.000    	 0.29797   0.30852   0.13945   0.25407	-0.84621   0.14157   0.61372   0.09091  
      	     	          	           	          	           	             	                                      	 0.13673  -0.92585   0.01856   0.77056  
      	     	          	           	          	           	             	                                      	 1.31137   0.04106  -1.38401   0.03158  
      	     	          	           	          	           	             	                                      	 0.10662   0.93569   0.01733  -1.05964  

  #24	5   	-21202.27339	Yes        	4        	4.000    	0.000    	 0.30609   0.31624   0.13076   0.24692	-0.87544   0.11302   0.68368   0.07875  
      	     	          	           	          	           	             	                                      	 0.10939  -0.83050   0.02536   0.69575  
      	     	          	           	          	           	             	                                      	 1.60043   0.06134  -1.69233   0.03056  
      	     	          	           	          	           	             	                                      	 0.09762   0.89107   0.01618  -1.00487  

  #25	5   	-21017.72394	Yes        	4        	4.000    	0.000    	 0.29870   0.32086   0.13249   0.24795	-0.85238   0.10627   0.68540   0.06071  
      	     	          	           	          	           	             	                                      	 0.09893  -0.85371   0.03650   0.71827  
      	     	          	           	          	           	             	                                      	 1.54524   0.08840  -1.65790   0.02426  
      	     	          	           	          	           	             	                                      	 0.07314   0.92950   0.01296  -1.01560  

  #26	5   	-21161.49590	Yes        	4        	4.000    	0.000    	 0.29107   0.32473   0.13345   0.25074	-0.88450   0.13738   0.66158   0.08554  
      	     	          	           	          	           	             	                                      	 0.12314  -0.85661   0.02310   0.71037  
      	     	          	           	          	           	             	                                      	 1.44299   0.05620  -1.53189   0.03270  
      	     	          	           	          	           	             	                                      	 0.09930   0.91999   0.01740  -1.03670  

  #27	5   	-21101.33995	Yes        	4        	4.000    	0.000    	 0.30113   0.31293   0.13809   0.24785	-0.85431   0.10755   0.63853   0.10823  
      	     	          	           	          	           	             	                                      	 0.10349  -0.85707   0.02259   0.73098  
      	     	          	           	          	           	             	                                      	 1.39244   0.05120  -1.49380   0.05015  
      	     	          	           	          	           	             	                                      	 0.13150   0.92293   0.02794  -1.08237  

  #28	5   	-21191.75929	Yes        	4        	4.000    	0.000    	 0.30535   0.31367   0.13314   0.24785	-0.89543   0.14107   0.67809   0.07627  
      	     	          	           	          	           	             	                                      	 0.13733  -0.84591   0.02149   0.68709  
      	     	          	           	          	           	             	                                      	 1.55513   0.05063  -1.63826   0.03250  
      	     	          	           	          	           	             	                                      	 0.09396   0.86957   0.01746  -0.98099  

  #29	5   	-21179.72163	Yes        	4        	4.000    	0.000    	 0.28998   0.32033   0.13844   0.25125	-0.87042   0.11303   0.67258   0.08481  
      	     	          	           	          	           	             	                                      	 0.10232  -0.86248   0.02557   0.73459  
      	     	          	           	          	           	             	                                      	 1.40884   0.05917  -1.49755   0.02954  
      	     	          	           	          	           	             	                                      	 0.09789   0.93657   0.01628  -1.05074  

  #30	5   	-20914.71024	Yes        	4        	4.000    	0.000    	 0.29787   0.31682   0.13157   0.25374	-0.90615   0.13041   0.67434   0.10139  
      	     	          	           	          	           	             	                                      	 0.12261  -0.83720   0.02840   0.68619  
      	     	          	           	          	           	             	                                      	 1.52664   0.06839  -1.62306   0.02803  
      	     	          	           	          	           	             	                                      	 0.11903   0.85679   0.01454  -0.99036  

  #31	5   	-21070.08399	Yes        	4        	4.000    	0.000    	 0.29028   0.32170   0.13725   0.25077	-0.91309   0.13622   0.70340   0.07347  
      	     	          	           	          	           	             	                                      	 0.12291  -0.83426   0.02433   0.68701  
      	     	          	           	          	           	             	                                      	 1.48768   0.05703  -1.58923   0.04453  
      	     	          	           	          	           	             	                                      	 0.08504   0.88133   0.02437  -0.99074  

  #32	5   	-21048.02282	Yes        	4        	4.000    	0.000    	 0.30197   0.31480   0.13151   0.25171	-0.89585   0.14408   0.65965   0.09212  
      	     	          	           	          	           	             	                                      	 0.13821  -0.85859   0.02423   0.69616  
      	     	          	           	          	           	             	                                      	 1.51465   0.05799  -1.59316   0.02052  
      	     	          	           	          	           	             	                                      	 0.11051   0.87065   0.01072  -0.99188  

  #33	5   	-21199.48907	Yes        	4        	4.000    	0.000    	 0.29809   0.31239   0.13854   0.25099	-0.85518   0.10997   0.65524   0.08997  
      	     	          	           	          	           	             	                                      	 0.10494  -0.86564   0.03744   0.72327  
      	     	          	           	          	           	             	                                      	 1.40988   0.08442  -1.54803   0.05373  
      	     	          	           	          	           	             	                                      	 0.10685   0.90021   0.02966  -1.03672  

  #34	5   	-21105.71178	Yes        	4        	4.000    	0.000    	 0.29573   0.31265   0.13877   0.25286	-0.91801   0.14673   0.68632   0.08496  
      	     	          	           	          	           	             	                                      	 0.13879  -0.84948   0.01708   0.69361  
      	     	          	           	          	           	             	                                      	 1.46263   0.03849  -1.54668   0.04556  
      	     	          	           	          	           	             	                                      	 0.09937   0.85761   0.02500  -0.98198  

  #35	5   	-21048.37326	Yes        	4        	4.000    	0.000    	 0.29954   0.31332   0.13909   0.24804	-0.87118   0.13217   0.66706   0.07195  
      	     	          	           	          	           	             	                                      	 0.12636  -0.87564   0.03177   0.71751  
      	     	          	           	          	           	             	                                      	 1.43654   0.07155  -1.53886   0.03077  
      	     	          	           	          	           	             	                                      	 0.08689   0.90634   0.01726  -1.01048  

  #36	5   	-21161.82556	Yes        	4        	4.000    	0.000    	 0.29381   0.31718   0.13960   0.24941	-0.85209   0.14026   0.63349   0.07834  
      	     	          	           	          	           	             	                                      	 0.12993  -0.89314   0.01796   0.74526  
      	     	          	           	          	           	             	                                      	 1.33326   0.04080  -1.42829   0.05423  
      	     	          	           	          	           	             	                                      	 0.09229   0.94776   0.03036  -1.07040  

  #37	5   	-20938.95001	Yes        	4        	4.000    	0.000    	 0.30363   0.30826   0.13748   0.25063	-0.90352   0.13280   0.66862   0.10210  
      	     	          	           	          	           	             	                                      	 0.13080  -0.84634   0.01862   0.69691  
      	     	          	           	          	           	             	                                      	 1.47664   0.04175  -1.55544   0.03705  
      	     	          	           	          	           	             	                                      	 0.12369   0.85718   0.02033  -1.00120  

  #38	5   	-21110.34915	Yes        	4        	4.000    	0.000    	 0.29678   0.31609   0.13447   0.25265	-0.89775   0.13146   0.68725   0.07905  
      	     	          	           	          	           	             	                                      	 0.12342  -0.85082   0.03183   0.69556  
      	     	          	           	          	           	             	                                      	 1.51678   0.07482  -1.61866   0.02705  
      	     	          	           	          	           	             	                                      	 0.09286   0.87023   0.01440  -0.97748  

  #39	5   	-21063.49079	Yes        	4        	4.000    	0.000    	 0.30235   0.31601   0.13558   0.24606	-0.84557   0.09730   0.65655   0.09172  
      	     	          	           	          	           	             	                                      	 0.09309  -0.85100   0.02702   0.73089  
      	     	          	           	          	           	             	                                      	 1.46417   0.06298  -1.56279   0.03564  
      	     	          	           	          	           	             	                                      	 0.11271   0.93868   0.01964  -1.07102  

  #40	5   	-21096.55772	Yes        	4        	4.000    	0.000    	 0.30176   0.32033   0.12906   0.24885	-0.87116   0.15928   0.63388   0.07800  
      	     	          	           	          	           	             	                                      	 0.15004  -0.86718   0.02960   0.68754  
      	     	          	           	          	           	             	                                      	 1.48216   0.07346  -1.61291   0.05728  
      	     	          	           	          	           	             	                                      	 0.09459   0.88506   0.02971  -1.00935  

  #41	5   	-21054.90616	Yes        	4        	4.000    	0.000    	 0.29125   0.31398   0.13759   0.25717	-0.87054   0.14008   0.65127   0.07918  
      	     	          	           	          	           	             	                                      	 0.12994  -0.90016   0.02503   0.74518  
      	     	          	           	          	           	             	                                      	 1.37860   0.05713  -1.46932   0.03359  
      	     	          	           	          	           	             	                                      	 0.08967   0.90978   0.01797  -1.01742  

  #42	5   	-21380.80721	Yes        	4        	4.000    	0.000    	 0.29830   0.31908   0.13763   0.24499	-0.88514   0.11187   0.68555   0.08772  
      	     	          	           	          	           	             	                                      	 0.10458  -0.82020   0.03085   0.68477  
      	     	          	           	          	           	             	                                      	 1.48585   0.07151  -1.61279   0.05542  
      	     	          	           	          	           	             	                                      	 0.10681   0.89183   0.03114  -1.02978  

  #43	5   	-20890.32051	Yes        	4        	4.000    	0.000    	 0.29740   0.32138   0.13111   0.25011	-0.89153   0.11172   0.67684   0.10296  
      	     	          	           	          	           	             	                                      	 0.10339  -0.81812   0.02477   0.68997  
      	     	          	           	          	           	             	                                      	 1.53526   0.06072  -1.63531   0.03933  
      	     	          	           	          	           	             	                                      	 0.12243   0.88659   0.02062  -1.02964  

  #44	5   	-20957.51263	Yes        	4        	4.000    	0.000    	 0.29622   0.31911   0.13696   0.24770	-0.85993   0.12673   0.64350   0.08971  
      	     	          	           	          	           	             	                                      	 0.11764  -0.86837   0.02422   0.72651  
      	     	          	           	          	           	             	                                      	 1.39178   0.05644  -1.48982   0.04160  
      	     	          	           	          	           	             	                                      	 0.10729   0.93597   0.02300  -1.06625  

  #45	5   	-21143.47435	Yes        	4        	4.000    	0.000    	 0.29839   0.31483   0.13384   0.25294	-0.86405   0.14975   0.63236   0.08194  
      	     	          	           	          	           	             	                                      	 0.14193  -0.90070   0.03759   0.72118  
      	     	          	           	          	           	             	                                      	 1.40980   0.08841  -1.52280   0.02459  
      	     	          	           	          	           	             	                                      	 0.09666   0.89767   0.01301  -1.00734  

  #46	5   	-21175.64734	Yes        	4        	4.000    	0.000    	 0.30018   0.31302   0.13374   0.25305	-0.83640   0.11007   0.63990   0.08643  
      	     	          	           	          	           	             	                                      	 0.10555  -0.88968   0.02748   0.75664  
      	     	          	           	          	           	             	                                      	 1.43624   0.06432  -1.52659   0.02603  
      	     	          	           	          	           	             	                                      	 0.10253   0.93594   0.01376  -1.05222  

  #47	5   	-21191.57559	Yes        	4        	4.000    	0.000    	 0.30125   0.31179   0.13597   0.25100	-0.90849   0.11906   0.69539   0.09404  
      	     	          	           	          	           	             	                                      	 0.11503  -0.83080   0.02663   0.68913  
      	     	          	           	          	           	             	                                      	 1.54073   0.06107  -1.62498   0.02318  
      	     	          	           	          	           	             	                                      	 0.11287   0.85604   0.01256  -0.98146  

  #48	5   	-21111.72425	Yes        	4        	4.000    	0.000    	 0.29511   0.31152   0.13867   0.25470	-0.81827   0.10746   0.63722   0.07359  
      	     	          	           	          	           	             	                                      	 0.10180  -0.91282   0.02231   0.78872  
      	     	          	           	          	           	             	                                      	 1.35605   0.05012  -1.44852   0.04235  
      	     	          	           	          	           	             	                                      	 0.08527   0.96467   0.02306  -1.07300  

  #49	5   	-21130.62651	Yes        	4        	4.000    	0.000    	 0.29702   0.31820   0.13582   0.24896	-0.84835   0.13574   0.64377   0.06885  
      	     	          	           	          	           	             	                                      	 0.12670  -0.89545   0.02617   0.74258  
      	     	          	           	          	           	             	                                      	 1.40785   0.06132  -1.49426   0.02509  
      	     	          	           	          	           	             	                                      	 0.08214   0.94909   0.01369  -1.04491  

  #50	5   	-20964.81374	Yes        	4        	4.000    	0.000    	 0.30669   0.31477   0.13320   0.24535	-0.83229   0.11949   0.64755   0.06525  
      	     	          	           	          	           	             	                                      	 0.11643  -0.88165   0.03073   0.73449  
      	     	          	           	          	           	             	                                      	 1.49101   0.07261  -1.59275   0.02912  
      	     	          	           	          	           	             	                                      	 0.08156   0.94232   0.01581  -1.03969  

  #51	5   	-21024.89217	Yes        	4        	4.000    	0.000    	 0.29640   0.31235   0.14248   0.24876	-0.90106   0.12785   0.69847   0.07473  
      	     	          	           	          	           	             	                                      	 0.12132  -0.85132   0.01796   0.71204  
      	     	          	           	          	           	             	                                      	 1.45304   0.03937  -1.52683   0.03442  
      	     	          	           	          	           	             	                                      	 0.08905   0.89407   0.01971  -1.00283  

  #52	5   	-21068.22555	Yes        	4        	4.000    	0.000    	 0.30216   0.31594   0.13119   0.25071	-0.82932   0.15726   0.60332   0.06874  
      	     	          	           	          	           	             	                                      	 0.15041  -0.91772   0.02649   0.74082  
      	     	          	           	          	           	             	                                      	 1.38957   0.06380  -1.50665   0.05327  
      	     	          	           	          	           	             	                                      	 0.08285   0.93356   0.02788  -1.04428  

  #53	5   	-21188.05487	Yes        	4        	4.000    	0.000    	 0.30123   0.31406   0.13746   0.24725	-0.90552   0.12477   0.69740   0.08336  
      	     	          	           	          	           	             	                                      	 0.11967  -0.82669   0.01452   0.69250  
      	     	          	           	          	           	             	                                      	 1.52826   0.03317  -1.59914   0.03770  
      	     	          	           	          	           	             	                                      	 0.10155   0.87963   0.02096  -1.00215  

  #54	5   	-21021.98865	Yes        	4        	4.000    	0.000    	 0.30361   0.30866   0.13974   0.24799	-0.89131   0.11446   0.69228   0.08457  
      	     	          	           	          	           	             	                                      	 0.11258  -0.83448   0.02032   0.70158  
      	     	          	           	          	           	             	                                      	 1.50408   0.04488  -1.59599   0.04703  
      	     	          	           	          	           	             	                                      	 0.10354   0.87321   0.02650  -1.00325  

  #55	5   	-21145.00400	Yes        	4        	4.000    	0.000    	 0.29759   0.30732   0.13566   0.25943	-0.88743   0.14105   0.66813   0.07825  
      	     	          	           	          	           	             	                                      	 0.13658  -0.87733   0.02289   0.71786  
      	     	          	           	          	           	             	                                      	 1.46566   0.05185  -1.57843   0.06092  
      	     	          	           	          	           	             	                                      	 0.08976   0.85037   0.03185  -0.97198  

  #56	5   	-21062.60089	Yes        	4        	4.000    	0.000    	 0.29587   0.31645   0.13841   0.24927	-0.88016   0.11871   0.66518   0.09628  
      	     	          	           	          	           	             	                                      	 0.11099  -0.85318   0.02476   0.71743  
      	     	          	           	          	           	             	                                      	 1.42189   0.05662  -1.51259   0.03408  
      	     	          	           	          	           	             	                                      	 0.11428   0.91081   0.01892  -1.04401  

  #57	5   	-21216.12809	Yes        	4        	4.000    	0.000    	 0.29952   0.30984   0.14073   0.24990	-0.87454   0.11708   0.67104   0.08642  
      	     	          	           	          	           	             	                                      	 0.11318  -0.86249   0.02712   0.72220  
      	     	          	           	          	           	             	                                      	 1.42817   0.05970  -1.52970   0.04183  
      	     	          	           	          	           	             	                                      	 0.10358   0.89542   0.02356  -1.02255  

  #58	5   	-20988.47661	Yes        	4        	4.000    	0.000    	 0.29521   0.31614   0.13862   0.25003	-0.90310   0.12846   0.67551   0.09914  
      	     	          	           	          	           	             	                                      	 0.11995  -0.84225   0.02355   0.69875  
      	     	          	           	          	           	             	                                      	 1.43861   0.05370  -1.52871   0.03639  
      	     	          	           	          	           	             	                                      	 0.11705   0.88353   0.02018  -1.02075  

  #59	5   	-20978.06742	Yes        	4        	4.000    	0.000    	 0.30355   0.31545   0.13945   0.24155	-0.83687   0.09669   0.64566   0.09451  
      	     	          	           	          	           	             	                                      	 0.09304  -0.86660   0.03540   0.73816  
      	     	          	           	          	           	             	                                      	 1.40544   0.08007  -1.49949   0.01398  
      	     	          	           	          	           	             	                                      	 0.11877   0.96402   0.00807  -1.09086  

  #60	5   	-21075.34880	Yes        	4        	4.000    	0.000    	 0.29721   0.31420   0.13585   0.25274	-0.86172   0.10261   0.67348   0.08563  
      	     	          	           	          	           	             	                                      	 0.09706  -0.84948   0.02561   0.72680  
      	     	          	           	          	           	             	                                      	 1.47346   0.05925  -1.58776   0.05506  
      	     	          	           	          	           	             	                                      	 0.10070   0.90354   0.02959  -1.03382  

  #61	5   	-21006.40722	Yes        	4        	4.000    	0.000    	 0.29196   0.32271   0.13785   0.24747	-0.88735   0.12736   0.66355   0.09643  
      	     	          	           	          	           	             	                                      	 0.11523  -0.84439   0.02360   0.70557  
      	     	          	           	          	           	             	                                      	 1.40532   0.05525  -1.50133   0.04077  
      	     	          	           	          	           	             	                                      	 0.11376   0.92008   0.02271  -1.05655  

  #62	5   	-21115.25642	Yes        	4        	4.000    	0.000    	 0.30491   0.30817   0.13323   0.25368	-0.88403   0.12337   0.67173   0.08892  
      	     	          	           	          	           	             	                                      	 0.12207  -0.85417   0.02088   0.71122  
      	     	          	           	          	           	             	                                      	 1.53735   0.04830  -1.62194   0.03628  
      	     	          	           	          	           	             	                                      	 0.10688   0.86398   0.01906  -0.98992  

  #63	5   	-21316.64159	Yes        	4        	4.000    	0.000    	 0.30483   0.30971   0.13786   0.24761	-0.85127   0.12660   0.64483   0.07984  
      	     	          	           	          	           	             	                                      	 0.12460  -0.88490   0.02088   0.73942  
      	     	          	           	          	           	             	                                      	 1.42584   0.04691  -1.50931   0.03657  
      	     	          	           	          	           	             	                                      	 0.09829   0.92486   0.02036  -1.04351  

  #64	5   	-21043.95558	Yes        	4        	4.000    	0.000    	 0.30760   0.30738   0.13453   0.25048	-0.87884   0.11650   0.67239   0.08996  
      	     	          	           	          	           	             	                                      	 0.11658  -0.84956   0.02339   0.70959  
      	     	          	           	          	           	             	                                      	 1.53745   0.05344  -1.62330   0.03241  
      	     	          	           	          	           	             	                                      	 0.11047   0.87078   0.01741  -0.99865  

  #65	5   	-21221.32166	Yes        	4        	4.000    	0.000    	 0.30565   0.31488   0.13780   0.24167	-0.85475   0.12386   0.63645   0.09444  
      	     	          	           	          	           	             	                                      	 0.12023  -0.86111   0.02972   0.71116  
      	     	          	           	          	           	             	                                      	 1.41172   0.06792  -1.51921   0.03957  
      	     	          	           	          	           	             	                                      	 0.11945   0.92660   0.02256  -1.06862  

  #66	5   	-20852.82420	Yes        	4        	4.000    	0.000    	 0.30532   0.31557   0.12831   0.25081	-0.81500   0.11456   0.60036   0.10007  
      	     	          	           	          	           	             	                                      	 0.11084  -0.88177   0.02684   0.74409  
      	     	          	           	          	           	             	                                      	 1.42861   0.06601  -1.55610   0.06147  
      	     	          	           	          	           	             	                                      	 0.12182   0.93621   0.03145  -1.08948  

  #67	5   	-20780.15364	Yes        	4        	4.000    	0.000    	 0.30476   0.30877   0.13263   0.25384	-0.87517   0.13138   0.66115   0.08263  
      	     	          	           	          	           	             	                                      	 0.12968  -0.86528   0.02345   0.71216  
      	     	          	           	          	           	             	                                      	 1.51916   0.05458  -1.62010   0.04636  
      	     	          	           	          	           	             	                                      	 0.09921   0.86630   0.02422  -0.98973  

  #68	5   	-21027.27187	Yes        	4        	4.000    	0.000    	 0.29866   0.31054   0.14431   0.24649	-0.89497   0.12024   0.68368   0.09105  
      	     	          	           	          	           	             	                                      	 0.11564  -0.85189   0.03009   0.70615  
      	     	          	           	          	           	             	                                      	 1.41493   0.06476  -1.50793   0.02825  
      	     	          	           	          	           	             	                                      	 0.11031   0.88963   0.01654  -1.01649  

  #69	5   	-21284.19968	Yes        	4        	4.000    	0.000    	 0.29902   0.31462   0.13831   0.24805	-0.84604   0.13571   0.62823   0.08211  
      	     	          	           	          	           	             	                                      	 0.12897  -0.89417   0.04100   0.72420  
      	     	          	           	          	           	             	                                      	 1.35816   0.09326  -1.49677   0.04536  
      	     	          	           	          	           	             	                                      	 0.09898   0.91856   0.02529  -1.04283  

  #70	5   	-21016.60329	Yes        	4        	4.000    	0.000    	 0.29839   0.31121   0.13940   0.25100	-0.90349   0.11277   0.69916   0.09156  
      	     	          	           	          	           	             	                                      	 0.10812  -0.82263   0.02809   0.68642  
      	     	          	           	          	           	             	                                      	 1.49659   0.06271  -1.61703   0.05773  
      	     	          	           	          	           	             	                                      	 0.10884   0.85106   0.03206  -0.99197  

  #71	5   	-21083.73048	Yes        	4        	4.000    	0.000    	 0.29883   0.31369   0.13294   0.25454	-0.89818   0.13280   0.66667   0.09871  
      	     	          	           	          	           	             	                                      	 0.12650  -0.84411   0.02322   0.69438  
      	     	          	           	          	           	             	                                      	 1.49850   0.05479  -1.60214   0.04886  
      	     	          	           	          	           	             	                                      	 0.11589   0.85576   0.02552  -0.99717  

  #72	5   	-21001.38249	Yes        	4        	4.000    	0.000    	 0.29992   0.31979   0.13991   0.24038	-0.88414   0.12859   0.67066   0.08488  
      	     	          	           	          	           	             	                                      	 0.12060  -0.84354   0.01859   0.70435  
      	     	          	           	          	           	             	                                      	 1.43769   0.04249  -1.50619   0.02600  
      	     	          	           	          	           	             	                                      	 0.10590   0.93705   0.01514  -1.05809  

  #73	5   	-21012.54856	Yes        	4        	4.000    	0.000    	 0.30179   0.31031   0.14334   0.24457	-0.90294   0.13051   0.68857   0.08386  
      	     	          	           	          	           	             	                                      	 0.12693  -0.83997   0.01320   0.69985  
      	     	          	           	          	           	             	                                      	 1.44976   0.02858  -1.52188   0.04354  
      	     	          	           	          	           	             	                                      	 0.10348   0.88795   0.02552  -1.01695  

  #74	5   	-21028.92803	Yes        	4        	4.000    	0.000    	 0.30230   0.31395   0.13263   0.25113	-0.89257   0.11530   0.69785   0.07942  
      	     	          	           	          	           	             	                                      	 0.11102  -0.82537   0.02291   0.69145  
      	     	          	           	          	           	             	                                      	 1.59063   0.05423  -1.68943   0.04458  
      	     	          	           	          	           	             	                                      	 0.09560   0.86439   0.02354  -0.98353  

  #75	5   	-21227.38814	Yes        	4        	4.000    	0.000    	 0.29446   0.31562   0.13646   0.25346	-0.84119   0.09710   0.64627   0.09781  
      	     	          	           	          	           	             	                                      	 0.09059  -0.86816   0.02022   0.75734  
      	     	          	           	          	           	             	                                      	 1.39455   0.04678  -1.49179   0.05046  
      	     	          	           	          	           	             	                                      	 0.11364   0.94309   0.02717  -1.08390  

  #76	5   	-21024.80339	Yes        	4        	4.000    	0.000    	 0.30038   0.31158   0.13584   0.25220	-0.86678   0.10719   0.68110   0.07850  
      	     	          	           	          	           	             	                                      	 0.10334  -0.85757   0.01350   0.74073  
      	     	          	           	          	           	             	                                      	 1.50614   0.03096  -1.57122   0.03412  
      	     	          	           	          	           	             	                                      	 0.09349   0.91511   0.01838  -1.02698  

  #77	5   	-21090.04030	Yes        	4        	4.000    	0.000    	 0.30262   0.31115   0.13464   0.25159	-0.85935   0.13603   0.64974   0.07358  
      	     	          	           	          	           	             	                                      	 0.13229  -0.88854   0.02509   0.73115  
      	     	          	           	          	           	             	                                      	 1.46034   0.05798  -1.55280   0.03447  
      	     	          	           	          	           	             	                                      	 0.08850   0.90424   0.01845  -1.01119  

  #78	5   	-21044.00673	Yes        	4        	4.000    	0.000    	 0.29350   0.31709   0.13652   0.25289	-0.90445   0.15045   0.68386   0.07014  
      	     	          	           	          	           	             	                                      	 0.13926  -0.85486   0.01654   0.69906  
      	     	          	           	          	           	             	                                      	 1.47021   0.03843  -1.56458   0.05594  
      	     	          	           	          	           	             	                                      	 0.08141   0.87650   0.03020  -0.98810  

  #79	5   	-21057.95362	Yes        	4        	4.000    	0.000    	 0.30277   0.31476   0.13446   0.24801	-0.86698   0.12381   0.65514   0.08803  
      	     	          	           	          	           	             	                                      	 0.11909  -0.85883   0.02244   0.71730  
      	     	          	           	          	           	             	                                      	 1.47519   0.05253  -1.56241   0.03468  
      	     	          	           	          	           	             	                                      	 0.10747   0.91037   0.01880  -1.03664  

  #80	5   	-21067.09753	Yes        	4        	4.000    	0.000    	 0.29565   0.32169   0.13678   0.24588	-0.84849   0.11586   0.64574   0.08689  
      	     	          	           	          	           	             	                                      	 0.10647  -0.85664   0.03776   0.71240  
      	     	          	           	          	           	             	                                      	 1.39578   0.08881  -1.54182   0.05722  
      	     	          	           	          	           	             	                                      	 0.10448   0.93204   0.03183  -1.06835  

  #81	5   	-21182.26834	Yes        	4        	4.000    	0.000    	 0.29340   0.31291   0.13665   0.25704	-0.91204   0.12800   0.69038   0.09366  
      	     	          	           	          	           	             	                                      	 0.12002  -0.85027   0.02561   0.70463  
      	     	          	           	          	           	             	                                      	 1.48230   0.05865  -1.56954   0.02859  
      	     	          	           	          	           	             	                                      	 0.10690   0.85780   0.01520  -0.97990  

  #82	5   	-21059.74029	Yes        	4        	4.000    	0.000    	 0.29614   0.32416   0.13207   0.24763	-0.87584   0.12039   0.66506   0.09039  
      	     	          	           	          	           	             	                                      	 0.10999  -0.83592   0.00795   0.71798  
      	     	          	           	          	           	             	                                      	 1.49134   0.01952  -1.55107   0.04022  
      	     	          	           	          	           	             	                                      	 0.10809   0.93984   0.02145  -1.06938  

  #83	5   	-21159.85050	Yes        	4        	4.000    	0.000    	 0.29942   0.30998   0.13923   0.25137	-0.83398   0.10536   0.64095   0.08767  
      	     	          	           	          	           	             	                                      	 0.10177  -0.89598   0.01934   0.77487  
      	     	          	           	          	           	             	                                      	 1.37841   0.04305  -1.45093   0.02947  
      	     	          	           	          	           	             	                                      	 0.10443   0.95553   0.01632  -1.07627  

  #84	5   	-21153.65859	Yes        	4        	4.000    	0.000    	 0.29857   0.31879   0.13328   0.24936	-0.87470   0.14054   0.64666   0.08750  
      	     	          	           	          	           	             	                                      	 0.13163  -0.85645   0.02698   0.69785  
      	     	          	           	          	           	             	                                      	 1.44868   0.06452  -1.57150   0.05830  
      	     	          	           	          	           	             	                                      	 0.10478   0.89216   0.03116  -1.02809  

  #85	5   	-21041.05209	Yes        	4        	4.000    	0.000    	 0.29715   0.31573   0.13348   0.25365	-0.91024   0.11380   0.71769   0.07875  
      	     	          	           	          	           	             	                                      	 0.10710  -0.80973   0.02719   0.67545  
      	     	          	           	          	           	             	                                      	 1.59768   0.06430  -1.71957   0.05758  
      	     	          	           	          	           	             	                                      	 0.09226   0.84077   0.03030  -0.96333  

  #86	5   	-21063.22385	Yes        	4        	4.000    	0.000    	 0.29358   0.31563   0.14006   0.25072	-0.84620   0.13237   0.64423   0.06959  
      	     	          	           	          	           	             	                                      	 0.12312  -0.90472   0.02208   0.75952  
      	     	          	           	          	           	             	                                      	 1.35033   0.04975  -1.43489   0.03481  
      	     	          	           	          	           	             	                                      	 0.08149   0.95616   0.01945  -1.05709  

  #87	5   	-21202.42258	Yes        	4        	4.000    	0.000    	 0.30151   0.31229   0.13377   0.25243	-0.86552   0.14304   0.63212   0.09036  
      	     	          	           	          	           	             	                                      	 0.13810  -0.88735   0.02048   0.72876  
      	     	          	           	          	           	             	                                      	 1.42473   0.04782  -1.51036   0.03781  
      	     	          	           	          	           	             	                                      	 0.10792   0.90158   0.02004  -1.02954  

  #88	5   	-21182.76884	Yes        	4        	4.000    	0.000    	 0.29885   0.31394   0.14142   0.24579	-0.84774   0.12500   0.64638   0.07636  
      	     	          	           	          	           	             	                                      	 0.11900  -0.88367   0.02100   0.74368  
      	     	          	           	          	           	             	                                      	 1.36599   0.04661  -1.45920   0.04661  
      	     	          	           	          	           	             	                                      	 0.09284   0.94985   0.02682  -1.06951  

  #89	5   	-21106.67192	Yes        	4        	4.000    	0.000    	 0.29736   0.31857   0.13001   0.25406	-0.87618   0.12476   0.65216   0.09926  
      	     	          	           	          	           	             	                                      	 0.11645  -0.84680   0.02245   0.70791  
      	     	          	           	          	           	             	                                      	 1.49162   0.05500  -1.59884   0.05221  
      	     	          	           	          	           	             	                                      	 0.11618   0.88768   0.02672  -1.03058  

  #90	5   	-21370.43124	Yes        	4        	4.000    	0.000    	 0.30420   0.31133   0.13529   0.24918	-0.89973   0.11992   0.67627   0.10354  
      	     	          	           	          	           	             	                                      	 0.11717  -0.82649   0.02538   0.68394  
      	     	          	           	          	           	             	                                      	 1.52058   0.05842  -1.61942   0.04042  
      	     	          	           	          	           	             	                                      	 0.12641   0.85453   0.02195  -1.00289  

  #91	5   	-21159.38446	Yes        	4        	4.000    	0.000    	 0.30566   0.31246   0.12920   0.25268	-0.87331   0.13409   0.64275   0.09646  
      	     	          	           	          	           	             	                                      	 0.13118  -0.85721   0.03360   0.69243  
      	     	          	           	          	           	             	                                      	 1.52063   0.08127  -1.64997   0.04808  
      	     	          	           	          	           	             	                                      	 0.11668   0.85622   0.02458  -0.99749  

  #92	5   	-21022.32669	Yes        	4        	4.000    	0.000    	 0.30869   0.31015   0.13258   0.24858	-0.83394   0.11812   0.63393   0.08189  
      	     	          	           	          	           	             	                                      	 0.11756  -0.88574   0.02795   0.74022  
      	     	          	           	          	           	             	                                      	 1.47595   0.06538  -1.57394   0.03262  
      	     	          	           	          	           	             	                                      	 0.10170   0.92356   0.01740  -1.04265  

  #93	5   	-21018.75729	Yes        	4        	4.000    	0.000    	 0.29678   0.31291   0.13179   0.25853	-0.80218   0.12397   0.56836   0.10985  
      	     	          	           	          	           	             	                                      	 0.11758  -0.94784   0.04191   0.78835  
      	     	          	           	          	           	             	                                      	 1.27988   0.09951  -1.39562   0.01623  
      	     	          	           	          	           	             	                                      	 0.12610   0.95416   0.00827  -1.08854  

  #94	5   	-21226.55534	Yes        	4        	4.000    	0.000    	 0.29810   0.31099   0.13483   0.25608	-0.86834   0.14760   0.63239   0.08835  
      	     	          	           	          	           	             	                                      	 0.14148  -0.89537   0.01766   0.73623  
      	     	          	           	          	           	             	                                      	 1.39818   0.04074  -1.48860   0.04968  
      	     	          	           	          	           	             	                                      	 0.10284   0.89409   0.02616  -1.02308  

  #95	5   	-21010.36367	Yes        	4        	4.000    	0.000    	 0.29716   0.31671   0.12977   0.25636	-0.88453   0.11476   0.67473   0.09504  
      	     	          	           	          	           	             	                                      	 0.10768  -0.84793   0.02601   0.71424  
      	     	          	           	          	           	             	                                      	 1.54500   0.06348  -1.62939   0.02091  
      	     	          	           	          	           	             	                                      	 0.11016   0.88236   0.01059  -1.00311  

  #96	5   	-21082.09247	Yes        	4        	4.000    	0.000    	 0.30806   0.31061   0.13111   0.25023	-0.80932   0.11047   0.61600   0.08285  
      	     	          	           	          	           	             	                                      	 0.10957  -0.88952   0.02551   0.75444  
      	     	          	           	          	           	             	                                      	 1.44740   0.06045  -1.57210   0.06426  
      	     	          	           	          	           	             	                                      	 0.10200   0.93648   0.03367  -1.07215  

  #97	5   	-21118.98371	Yes        	4        	4.000    	0.000    	 0.29841   0.31603   0.13721   0.24835	-0.90147   0.12556   0.69553   0.08038  
      	     	          	           	          	           	             	                                      	 0.11856  -0.82988   0.01954   0.69177  
      	     	          	           	          	           	             	                                      	 1.51274   0.04501  -1.60290   0.04515  
      	     	          	           	          	           	             	                                      	 0.09658   0.88027   0.02494  -1.00179  

  #98	5   	-21211.76996	Yes        	4        	4.000    	0.000    	 0.30180   0.30707   0.13805   0.25307	-0.85282   0.11700   0.65701   0.07881  
      	     	          	           	          	           	             	                                      	 0.11499  -0.88776   0.02822   0.74455  
      	     	          	           	          	           	             	                                      	 1.43635   0.06277  -1.53765   0.03854  
      	     	          	           	          	           	             	                                      	 0.09399   0.90342   0.02102  -1.01843  

  #99	5   	-21259.62650	Yes        	4        	4.000    	0.000    	 0.29606   0.31234   0.13584   0.25577	-0.85533   0.12703   0.64529   0.08300  
      	     	          	           	          	           	             	                                      	 0.12041  -0.89035   0.03460   0.73534  
      	     	          	           	          	           	             	                                      	 1.40642   0.07956  -1.53229   0.04632  
      	     	          	           	          	           	             	                                      	 0.09608   0.89798   0.02460  -1.01866  

  #100	5   	-20875.07928	Yes        	4        	4.000    	0.000    	 0.30371   0.31354   0.13866   0.24409	-0.85507   0.11825   0.64691   0.08991  
      	     	          	           	          	           	             	                                      	 0.11454  -0.86139   0.01414   0.73272  
      	     	          	           	          	           	             	                                      	 1.41699   0.03197  -1.49323   0.04427  
      	     	          	           	          	           	             	                                      	 0.11187   0.94118   0.02515  -1.07820  

